   Mass (kg)   Safe Distance (m)
---------------------------------
        0.30               52.31
        0.31               49.87
        0.32               47.59
        0.33               45.46
        0.34               43.47
        0.35               41.59
        0.36               39.83
        0.37               38.17
        0.38               36.60
        0.39               35.12
        0.40               33.71
        0.41               32.38
        0.42               31.12
        0.43               29.93
        0.44               28.79
        0.45               27.71
        0.46               26.68
        0.47               25.71
        0.48               24.77
        0.49               23.89
        0.50               23.04
        0.51               22.23
        0.52               21.46
        0.53               20.72
        0.54               20.02
        0.55               19.34
        0.56               18.70
        0.57               18.08
        0.58               17.48
        0.59               16.92
        0.60               16.37
        0.61               15.85
        0.62               15.34
        0.63               14.86
        0.64               14.40
        0.65               13.95
        0.66               13.52
        0.67               13.11
        0.68               12.71
        0.69               12.33
        0.70               11.96